35.35
35.3692646391
35.3593475373
35.3558787536
35.3618657063
35.3720201807
35.3752843107
35.3843391187
35.3767139031
35.3936714371
35.3630253421
35.4059675502
35.3517385079
35.3927310842
35.3765934451
35.385605912
35.358941554
35.3626205184
35.4010354833
35.4041084198
35.4106201476
35.4068523672
35.4050220027
35.4048408471
35.4128911666
35.4133484872
35.4120480493
35.4050045673
35.4127588848
35.4095493393
35.4042115598
35.4084350337
35.4068567973
35.4105993501
35.4069102583
35.4054373003
35.4135549901
35.4062773861
35.4079117744
35.4216648265
35.4400479289
35.4155087132
35.4152757308
35.4089812604
35.4045655993
35.4308799608
35.4122372759
35.4143887537
35.4234077476
35.405922104
35.4267014669
35.4096476302
35.4273075014
35.4317148312
35.4078761984
35.4203146284
35.4315010262
35.4385942469
35.4430799698
35.4370952061
35.4355200402
35.4373539272
35.4320617694
35.4364713058
35.4325690912
35.4420020779
35.4419798892
35.4337515364
35.4387974871
35.4416587203
35.4322721989
35.4394121794
35.4344483529
35.4347539579
35.4328165868
35.4360141791
35.4274264179
35.4182594922
35.4251101755
35.4172496892
35.4216635583
35.4222749096
35.4296989991
35.4174744958
35.424790616
35.4229091113
35.4254024001
35.4279082394
35.4181497556
35.4229780894
35.4313373761
35.4223415544
35.4265958185
35.4236608421
35.4184051202
35.4351350826
35.4635266468
35.44883941
35.4175496189
35.464603157
35.4523177264
35.4680994382
35.4256107576
35.4237976234
35.4647658138
35.4526226855
35.4201339609
35.4556430459
35.4555613184
35.4642728868
35.4533801125
35.4231350542
35.4177586621
35.4180847171
35.4761040725
35.4802195663
35.4700043264
35.4722101512
35.4765727759
35.4820348367
35.4762208772
35.4685026724
35.4796304623
35.4715525832
35.4797225675
35.4737566436
35.4805256711
35.4788689909
35.4761527148
35.4701791001
35.4690899575
35.469964057
35.4688712993
35.4875666448
35.4931743661
35.5162892295
35.5090185352
35.4830631069
35.4858817058
35.5283517432
35.5094162186
35.4921110235
35.4944369565
35.5177520243
35.4917379942
35.5100451544
35.5284818929
35.5226381284
35.493845044
35.5058902246
35.5118760529
35.5217914856
35.5356062495
35.5352537885
35.532888667
35.539201454
35.5353562388
35.5334790681
35.5350854182
35.5369135179
35.5361978231
35.5323954697
35.5305278852
35.5333844876
35.5358262018
35.5318806167
35.5369833096
35.5305297816
35.5323521672
35.5374723329
35.5317231884
35.5295063008
35.5312659105
35.5251322525
35.5352724713
35.5382974041
35.5280407829
35.5274718969
35.5253927225
35.525022435
35.5390946513
35.5357160073
35.5298539982
35.5247611659
35.5247433875
35.5307756491
35.5252733029
35.5294740285
35.5333301358
35.5318588256
35.5651474567
35.5648164012
35.5415314591
35.5667956736
35.5317117944
35.5295948611
35.5299837735
35.5464558075
35.5249363992
35.5661159458
35.5607440768
35.524647222
35.5318113863
35.5387395285
35.5298023189
35.5599606734
35.5393028338
35.5657664556
35.5498495761
35.6407434027
35.637937683
35.6429289228
35.6062699146
35.6133848242
35.6341418006
35.5919390235
35.6087691814
35.6177264739
35.5697067738
35.6172632993
35.6041137224
35.6348623662
35.5943685697
35.6419000618
35.6159776608
35.5835699161
35.6332634599
35.618789669
35.6551793101
35.6567544883
35.6507163699
35.6571369335
35.6531901335
35.6571173658
35.6546903635
35.6561642495
35.6544930521
35.6548439805
35.6525916873
35.6545727658
35.6556458994
35.6563580324
35.655679177
35.6553041787
35.6563985776
35.6528356894
35.6551248602
35.65272297
35.6534195372
35.6531287545
35.6532232738
35.6540750588
35.6509904909
35.6529318926
35.6474263535
35.6504244801
35.6552784985
35.6529678119
35.6538120928
35.64921067
35.6483764701
35.6481349632
35.6505772328
35.6545528902
35.6547336032
35.6486307056
35.6795636032
35.6886565505
35.6765368344
35.6907926966
35.679358117
35.6735199785
35.6665570448
35.6510216205
35.6685513459
35.6516678024
35.7027880242
35.6574402097
35.6931118518
35.6966834513
35.686124893
35.6793941382
35.6562719145
35.6735862081
35.6666975896
35.7070169167
35.7123342685
35.7082791409
35.7170195925
35.7169230765
35.7074810931
35.7053651753
35.7065527563
35.7109895963
35.7143032687
35.7067731605
35.7073496362
35.7160843373
35.7097779367
35.7126840569
35.7071417383
35.7052360436
35.7112250659
35.7106648414
35.7303554193
35.7328099073
35.7214522533
35.7349805215
35.723179634
35.7298058414
35.7357331389
35.7187283536
35.7254599676
35.7376861329
35.7370573338
35.7302312871
35.7375454058
35.7393996956
35.7366494099
35.7372669688
35.7204314268
35.7327467657
35.7339104683
35.72574597
35.721161678
35.7396815224
35.7218728118
35.7228050479
35.7342317443
35.7342953883
35.7252118908
35.7321596003
35.7212349442
35.7297182983
35.7215699589
35.7165415085
35.7332501294
35.7370565858
35.718699935
35.7274085795
35.7169223276
35.7251077721
35.7219753772
35.7177681044
35.7201383633
35.7165929745
35.7180367608
35.7243341655
35.7166379648
35.7202549831
35.7255899949
35.7237643034
35.723745628
35.7183406504
35.7210658952
35.7225688259
35.7269609213
35.7185049546
35.7189765447
35.719131926
35.724382966
35.7344078048
35.7279851823
35.7352352794
35.7304741563
35.7398925595
35.7318447668
35.7275144031
35.7365985849
35.7406188135
35.7331883015
35.7391099574
35.7352774269
35.7357560231
35.7424746404
35.7399785589
35.727590134
35.7384602061
35.7345366624
35.742283824
35.7420100818
35.7372557497
35.7416328413
35.7344458665
35.7321289053
35.7335828601
35.7326322414
35.7384358208
35.7315415282
35.7372536961
35.7318406606
35.7345457151
35.7411616564
35.7420523608
35.7428748356
35.7422120767
35.7368453634
35.7415736333
35.7427454032
35.7155555539
35.7221727826
35.7157011834
35.7211148975
35.7211575053
35.7206431094
35.7207178925
35.7146677353
35.7220341552
35.7128016821
35.7287491775
35.7152060856
35.7271210152
35.7180617144
35.7292398812
35.7195300745
35.7293749109
35.7119468426
35.7127885239
35.7119265368
35.7139586118
35.7152825065
35.7156757104
35.7143727544
35.7144693803
35.7152987855
35.7129229946
35.7122172797
35.7118601747
35.711607964
35.7148469978
35.7117356991
35.7122847881
35.7148772716
35.7125010954
35.7156404874
35.7122957284
35.7135434598
35.7171301345
35.719799069
35.7173632763
35.7176633134
35.718015559
35.7199248996
35.7158611698
35.7189312411
35.719710655
35.7158447805
35.7180592362
35.717181708
35.7195695352
35.7182224469
35.718811958
35.7177495222
35.7185348228
35.717021059
35.715764491
35.6955512363
35.6765327668
35.6998774071
35.7084102995
35.7025067183
35.6757963417
35.6755577514
35.6799670991
35.6763516698
35.709339249
35.7160300057
35.7093673881
35.7052187535
35.7118710414
35.6912711059
35.700491523
35.6813002388
35.7113771841
35.6867548373
35.6806665983
35.6919414244
35.6843351836
35.6744733355
35.6802768176
35.6949768583
35.6893421222
35.6900771731
35.6784500378
35.6918231174
35.7062107342
35.7001347541
35.6926220248
35.7055095058
35.7029960662
35.6926637422
35.6736446658
35.6757097744
35.674757257
35.647422061
35.6961763922
35.6475767988
35.6599749866
35.6565472498
35.6681186995
35.6659377106
35.6775229534
35.7055271103
35.6850034493
35.6766057093
35.6622324678
35.6780213858
35.6786991332
35.6980073547
35.7056628372
35.6605303408
35.6869994307
35.6468765615
35.6421583668
35.6401275399
35.6369531249
35.6329935024
35.6379822765
35.6437938729
35.640576763
35.6372852765
35.6343826972
35.6327319477
35.6436993674
35.645540726
35.6370356412
35.6320490489
35.6457174789
35.6344063382
35.6341605558
35.6382327325
35.6302526128
35.6686598443
35.6599581658
35.6611365461
35.6565660032
35.6419525808
35.6557032745
35.6610420307
35.645712275
35.6698806932
35.6381558016
35.6646711926
35.6426959257
35.6659424372
35.6493278343
35.6675699505
35.6457653378
35.6390514733
35.6656296595
35.6436100071
35.6830920758
35.6831883882
35.6787015409
35.6786390554
35.6785089797
35.6780249378
35.680036984
35.6770308522
35.6777538966
35.6825887214
35.6836627697
35.6774932099
35.6787899404
35.6785834156
35.6846711509
35.6829039599
35.681553557
35.679414539
35.6839636578
35.7106813714
35.7025103352
35.6899029431
35.720356433
35.6911078314
35.692640425
35.7008314976
35.6998646839
35.6906390363
35.7115151405
35.692143862
35.7084540268
35.7124105422
35.6929317703
35.7069152366
35.7122178386
35.7082505958
35.7067780993
35.6959687536
35.7258252887
35.7271719802
35.723896676
35.7261440007
35.7215686897
35.7264785581
35.7224264113
35.7237046969
35.7231059331
35.7217196955
35.7269156421
35.7235475149
35.7245592147
35.7243286901
35.7220477476
35.7225159213
35.7216950252
35.7244156882
35.7228631181
35.7148114689
35.7257971695
35.7116147057
35.724658583
35.7182823187
35.7267931652
35.7148184954
35.7244578178
35.7190002323
35.7155773469
35.7250978652
35.7186262299
35.7240220592
35.715268918
35.7158542182
35.7246684581
35.7136109751
35.7271976102
35.7136388772
35.711723145
35.7116287186
35.7118443557
35.7118189919
35.7119829957
35.7115528203
35.7113864546
35.7119505927
35.7119044932
35.7118262229
35.7116975404
35.7118129431
35.7118575675
35.7116115268
35.7118513766
35.7118394291
35.7117560841
35.711627897
35.7118070912
35.7122228044
35.7124140817
35.7125713307
35.7136879163
35.7130346811
35.7125417596
35.7122566087
35.7125483577
35.7131705796
35.7126136963
35.7128697563
35.7128443023
35.7135824084
35.7128101493
35.7126551365
35.7132880185
35.7124163845
35.7128887571
35.7125956812
35.7282223744
35.7339408086
35.7241324243
35.7318200514
35.7243441895
35.7288929072
35.7169223604
35.723796687
35.7346701862
35.7277343971
35.7314163942
35.7254338646
35.7252821753
35.7331541538
35.7154606146
35.7269991936
35.735433784
35.7257342635
35.7183519373
35.7332779555
35.7340708447
35.7320519944
35.73365541
35.732599767
35.7367011813
35.7318518574
35.7363563763
35.7351486745
35.7320652561
35.7366962093
35.7326751101
35.7324849649
35.7345670895
35.7354766924
35.732774134
35.73437917
35.7360765859
35.7321556967
35.7599771121
35.7472580997
35.7587421646
35.7449633103
35.7532939056
35.7443158445
35.7477045859
35.7377605163
35.7621477331
35.7410521603
35.7350529497
35.7363378511
35.7322423821
35.7543154148
35.7495524502
35.7567883829
35.7477466626
35.7567016665
35.7536807145
35.7599154526
35.7623236143
35.7615927637
35.7623606117
35.7611460104
35.7620065007
35.7611548368
35.7582304173
35.7616004859
35.7581930138
35.7599744479
35.7613186359
35.758836285
35.7600604842
35.7619518804
35.7591688588
35.7610209583
35.7614091002
35.7615492449
35.7970554998
35.77310877
35.8032504963
35.774596713
35.788495631
35.7853565016
35.805880131
35.8077250725
35.7684019838
35.7907984312
35.8082735058
35.7830214612
35.8095952527
35.7736863691
35.7921100935
35.7962223908
35.7708496878
35.7588719189
35.7813796567
35.8173098038
35.8147102189
35.8154287112
35.8145807201
35.8170392207
35.8169641853
35.8169177358
35.8150482023
35.8169343334
35.8149360629
35.8157840387
35.8155574825
35.815486095
35.8142071457
35.816673461
35.8169985981
35.8165958701
35.8167450717
35.8146896133
35.8222538167
35.8320101051
35.8416708828
35.8231768512
35.8306368961
35.8297299075
35.8315584173
35.8225765216
35.8274163003
35.8252613564
35.8408468443
35.8396646594
35.8296685663
35.8344935373
35.822147322
35.8318880807
35.8261993717
35.8412514036
35.8362210964
35.8358765528
35.8258667647
35.826609249
35.8324914041
35.8420622979
35.832607001
35.8340321714
35.8359138392
35.8367020044
35.8333802039
35.8285167764
35.8304343829
35.8337664304
35.8270669773
35.843749751
35.8257741574
35.8439776053
35.8411355764
35.8368045264
35.8278370538
35.8385472119
35.8266021127
35.8315121237
35.8268727732
35.8402040471
35.8394764996
35.8334616902
35.8295112452
35.8411063548
35.8326690275
35.8421084857
35.8357300464
35.8365137287
35.8261974594
35.8389738576
35.8328822758
35.8303622033
35.8346092022
35.8372386937
35.8429642098
35.839147554
35.8412106446
35.8380797097
35.8430519415
35.8440705755
35.8378759706
35.8459506845
35.8375061173
35.8411767691
35.8428526498
35.8370937748
35.8458126591
35.8415463093
35.8460664522
35.8410392981
35.8446760747
35.8404828223
35.7725618863
35.7795317055
35.8073440463
35.7904735667
35.7859369949
35.8045167809
35.8023019766
35.8271351681
35.8127634029
35.8276981085
35.7892617906
35.8056889294
35.8075384664
35.7788022936
35.8023621101
35.8101541262
35.8193707835
35.8323136562
35.8095594889
35.7743398601
35.7899642333
35.7851657314
35.7928486557
35.7752885377
35.7736141535
35.782373987
35.7933992782
35.7766209835
35.7925902803
35.7793547522
35.7773199538
35.7717711597
35.7823584766
35.7818712336
35.7895845825
35.7732736395
35.7755379306
35.7717672871
35.8002049138
35.8057718164
35.803193909
35.8023492338
35.8048004176
35.8093072723
35.8076622832
35.8062667796
35.808529118
35.7994384959
35.7997551796
35.8039322001
35.802640425
35.8087256537
35.804093194
35.8046114417
35.808291143
35.8036489751
35.808102549
35.8034506009
35.7994957136
35.8054033498
35.7972609267
35.8067986451
35.8076771708
35.7936748261
35.805101324
35.8024106051
35.7990631025
35.7998883519
35.8080033075
35.7936038449
35.7922144261
35.7947155764
35.8042545502
35.7998514588
35.8032511391
35.7993675596
35.7712901095
35.7849213291
35.7775761979
35.7846279241
35.7754024314
35.7846311584
35.7730297727
35.7758707827
35.775646077
35.7816760008
35.7869975514
35.7904796993
35.7847130478
35.7905694306
35.7770607583
35.7775442452
35.7824783486
35.7755400041
35.780307543
35.7703168595
35.7655959437
35.766390635
35.7654905247
35.7670713152
35.7635242918
35.7668859688
35.7706320641
35.7633076531
35.7651596825
35.7637352065
35.7626354948
35.7703288203
35.768756108
35.7702226597
35.7671626731
35.7633865537
35.7700665448
35.7667232581
35.7591133811
35.7430757279
35.741377762
35.7611511459
35.7501722855
35.7562923482
35.7386265021
35.7388390968
35.7470136907
35.7381058981
35.7536798589
35.7399797668
35.7514567439
35.7563814478
35.7389150226
35.7452724313
35.760615503
35.7406592316
35.7448472435
35.7525314363
35.7731846779
35.7859277535
35.7406694098
35.7452158623
35.7875837403
35.7742473583
35.7690664577
35.7522250557
35.7550094411
35.7893833701
35.7625427647
35.7412833594
35.790829419
35.7495524288
35.7866185767
35.7899239941
35.7664160182
35.7730642123
35.8140826759
35.8172506883
35.8247269824
35.8061222655
35.8256594484
35.8153953886
35.800697841
35.8043316771
35.8163141591
35.8047358246
35.8012275853
35.8022158511
35.8243967426
35.8165155422
35.8282512898
35.8081856878
35.8163025564
35.8164116769
35.8169546181
35.8317208095
35.8383745507
35.8295213349
35.8333320903
35.8403299394
35.8364206088
35.8395888212
35.8366142084
35.8392015901
35.8398772752
35.8332457707
35.8308943756
35.8379990694
35.8346630404
35.8309392698
35.8364379009
35.8298626999
35.8318113606
35.838794591
35.8416910866
35.8509080527
35.8419847395
35.8728750311
35.8597273948
35.8505925577
35.8707061315
35.8573567489
35.8556976193
35.8599122579
35.8496672616
35.8509695298
35.8530697805
35.8490441561
35.8598070578
35.8633292611
35.8435851354
35.8720395145
35.8651402086
35.8753877646
35.8875939108
35.8864991216
35.893391818
35.8865922492
35.8943594939
35.8936705862
35.8941417455
35.8917545904
35.8775430953
35.8960762596
35.8966914781
35.9004313229
35.880059114
35.8783240911
35.8848405617
35.8826969403
35.8977378779
35.8916003603
35.929765312
35.9182124545
35.9068025444
35.9073446467
35.9163263111
35.9100843762
35.9318769521
35.9241905956
35.9272917334
35.9204179573
35.9064108793
35.9115176301
35.9193921892
35.9102492804
35.9042313585
35.9287014381
35.928545669
35.9148309881
35.9326677168
35.9679672169
35.9645122033
35.9472298948
35.9621723914
35.9787538629
35.9519680671
35.9776865541
35.9794042806
35.9530973499
35.9691491388
35.9789714677
35.9415481407
35.9780338403
35.9467805497
35.9767242233
35.968424071
35.9537560282
35.9449872002
35.9669813574
35.9863518517
35.9862661626
35.9856265674
35.9867103289
35.9854999879
35.9842047067
35.9849694665
35.9846636103
35.9868280782
35.9848072823
35.9868305752
35.9852650447
35.9841202914
35.9837975181
35.9847744757
35.9839588782
35.9856473106
35.9849185562
35.9868246776
35.9770576178
35.9732254996
35.9783457593
35.9795194256
35.9822788164
35.970947296
35.9864657121
35.9725136473
35.9835630538
35.9748778212
35.9806508926
35.9698398903
35.9847104509
35.9835787463
35.9713204162
35.9766653925
35.9814536447
35.9868413379
35.9828796529
35.959862801
35.956060718
35.9106633052
35.9121851934
35.9235072093
35.9385629476
35.9151963426
35.9369034338
35.9455740754
35.9513322553
35.9088013679
35.9440343415
35.9370964217
35.952718966
35.911407342
35.944278451
35.9498926961
35.9223733677
35.9568838916
35.9108472354
35.9217725068
35.9222064716
35.9132795087
35.9058090103
35.9291629045
35.9170821796
35.9258118128
35.9111631128
35.9208573664
35.9161870997
35.914845854
35.907510152
35.9108867332
35.9061494521
35.91256971
35.9251750652
35.9215360688
35.9231846842
35.9330983905
35.9733868403
35.9628518389
35.9464794113
35.9431112697
35.9437177942
35.9833618122
35.9916799366
35.9875397998
35.9534825079
35.9795111979
35.9654540094
35.9816890681
35.9616820357
35.9680695779
35.9799344631
35.9386216604
35.9648859086
35.954601811
36.0029643847
36.0029682953
36.0133319875
36.0095385225
36.0029920375
36.0106820107
36.0032557167
35.9962741606
36.004471265
36.0014423046
35.9984074391
36.016853872
36.0106998458
36.0083329857
36.0121858183
36.0068513979
36.0109837505
36.0169785764
36.0152078814
36.0211020247
36.0224243832
36.0197778089
36.0323117416
36.0220546794
36.0279165388
36.0200268179
36.0217007528
36.0257363932
36.0202385531
36.0241618006
36.0262222857
36.0234754636
36.0264698033
36.0262054359
36.0241858041
36.0284094563
36.0281636641
36.0282855498
35.9987068781
35.9808686931
35.999603908
35.9784439687
36.0082227673
35.991712593
36.0305272898
35.9903239786
36.003950161
36.0323124879
36.0172797858
36.0030350597
35.9901450438
36.0296709038
36.0022487553
35.9883186909
35.9966903772
35.9811058499
36.0284744712
35.987999797
36.0127966549
36.0068435213
36.0004645521
36.0094667892
36.0119014014
36.0148610112
36.0158568578
35.9827057411
35.9800383053
35.9801511907
35.9778845778
36.0148262618
35.9809733483
36.009805247
36.0037621221
35.9961344526
35.9906973833
35.9909657549
36.0318064071
36.01648177
36.0260218336
36.0220747996
36.0165483582
36.0352895598
36.0327999072
36.0231355582
36.0333595536
36.0230239331
36.0226569592
36.0362406673
36.0373096011
36.0273804539
36.0367624873
36.0353621536
36.0272594992
36.0240776104
36.0314715823
36.0392810503
36.0397622417
36.0410014766
36.0403049902
36.0388905911
36.0381014878
36.0384100388
36.0395101404
36.039157057
36.0403910285
36.0408174417
36.0383873872
36.0405821517
36.0408952736
36.0409019514
36.0379369755
36.0380004212
36.0378338161
36.0388211154
36.0432510102
36.0469755868
36.0440046647
36.0427663031
36.044167033
36.045041701
36.0417256165
36.0457565262
36.0463416051
36.0462936447
36.0465819148
36.0434119554
36.043798103
36.0416653899
36.0424395538
36.0470855395
36.0428060973
36.0466871677
36.0465821981
36.0487672302
36.0475186701
36.0486975284
36.0482939265
36.0476074277
36.0478265377
36.0475248109
36.0479882087
36.0474007559
36.0475336082
36.0475855443
36.0483901032
36.0481991188
36.048687103
36.0476628307
36.0482900376
36.0473203643
36.0481052686
36.0486706534
36.0481015237
36.048724017
36.0407269634
36.0481357669
36.0442566145
36.0382316807
36.0439839961
36.0444011115
36.0390551388
36.0425538905
36.0371896398
36.0406281938
36.0383443888
36.0430060312
36.0441114113
36.0466742922
36.0332819765
36.0354851355
36.0332661804
36.0296684193
36.019320555
36.019284611
36.0283100063
36.0284333083
36.0246029312
36.0296696826
36.0261158682
36.0296692895
36.0191237736
36.0254001073
36.0188948641
36.0233089196
36.0255316932
36.0188425906
36.0302522633
36.0234834442
36.0230744078
36.0262301895
36.0229673562
36.0263250718
36.0209182739
36.0222429231
36.0207562055
36.0251426087
36.0281251233
36.0201395073
36.0264695575
36.0206659393
36.0189653957
36.0197599796
36.0275871784
36.0271290384
36.0212386947
36.0277111315
36.026749525
36.0226677764
36.0229960138
36.0199117324
36.0261388481
36.0280294643
36.0247203202
36.0280207332
36.0193224949
36.0209462501
36.0239794332
36.0179274158
36.0263004767
36.024992614
36.0243665897
36.0256386409
36.0270639405
36.0167425769
36.0270606415
36.0192009213
36.0266355031
36.028083353
36.0486616481
36.0282565344
36.0160881519
36.0463319974
36.0465323555
36.0489755963
36.0412029092
36.04660248
36.0501095996
36.0327666665
36.0368318303
36.0348111122
36.0420760713
36.0417212512
36.0353655044
36.0474112213
36.0347973627
36.0472701231
36.0260438022
36.0566648265
36.0679636449
36.0647093734
36.0578255374
36.0624149293
36.0677550755
36.0552693364
36.055309032
36.0629560369
36.0573215693
36.0650412443
36.0622281404
36.0636278369
36.0556556838
36.0553197235
36.0630415051
36.0599662903
36.05536212
36.0594142201
36.0473240813
36.0460511108
36.0457752831
36.0512204925
36.0588369206
36.0508990198
36.0616196617
36.0609979556
36.0541416549
36.0544015597
36.0477255655
36.0624049848
36.0503711958
36.0462588874
36.0683695189
36.057195038
36.0529386239
36.0485567959
36.0640718166
36.0696364095
36.0554109143
36.0706810534
36.0456729579
36.0473413479
36.0732593931
36.0625016658
36.0569516975
36.0497660199
36.0636702431
36.0459409065
36.0538850365
36.0542282486
36.0624420779
36.063697147
36.0693441254
36.0717023347
36.0639755997
36.0615954802
36.077501631
36.0953176606
36.0812747891
36.0869844196
36.0901960124
36.0794825434
36.0778299983
36.0860225304
36.092835874
36.090444814
36.0766575822
36.0954536334
36.0853314283
36.0965580346
36.0871033029
36.0758359973
36.0786649231
36.094335533
36.0907697045
36.1042964482
36.100214644
36.1016492465
36.1025322533
36.1021274785
36.0995099291
36.1009193033
36.0996300366
36.1039406061
36.1049582731
36.0983203478
36.102990577
36.1002216387
36.1023521645
36.0997023108
36.1025366502
36.1005176532
36.0999670123
36.1044178191
36.1083010018
36.11927532
36.1164147607
36.1164243924
36.1082594261
36.1176213053
36.1086889493
36.1146158683
36.11581357
36.1162925952
36.1109622177
36.1165566319
36.1187230404
36.1139467572
36.1064230094
36.107006826
36.1066478514
36.1076691364
36.1069682983
36.1430726695
36.1213510065
36.1272936646
36.1460349458
36.1488116328
36.1379904245
36.148891577
36.1214697741
36.1480782745
36.1293437929
36.1436803777
36.1440230453
36.1454743957
36.1336727462
36.1475512211
36.1277738636
36.1476629648
36.1383931035
36.1491622316
36.149447082
36.1494097735
36.1494524652
36.1494691264
36.149148867
36.1493128975
36.1495442139
36.1491613799
36.1492956516
36.1491821255
36.1493057249
36.1493694287
36.1490459093
36.1495745337
36.149075421
36.1490764744
36.1493744099
36.1494717767
36.1492484375
36.167438191
36.2320789056
36.1752915585
36.1791036427
36.2437313076
36.2423873958
36.2043892778
36.2382439017
36.1854852977
36.2522057122
36.1938758233
36.1795177928
36.1533365194
36.2513602903
36.1971012525
36.2249842207
36.2152889395
36.2237961472
36.1543224788
36.2601165802
36.2689102996
36.2632789889
36.2696187613
36.2606552994
36.2748572243
36.2543350815
36.2535709921
36.2537768457
36.2565436764
36.2632485381
36.278581561
36.2554578577
36.270153456
36.2668699161
36.2620956838
36.2578508394
36.2584639761
36.2536242142
36.2884602078
36.2877400602
36.285189958
36.2885303184
36.2811379432
36.2911982843
36.2900924878
36.2878031294
36.2844016502
36.2848597325
36.2856559134
36.291156581
36.2902863065
36.2856045634
36.2865343669
36.2904296823
36.2913262961
36.2875621538
36.2888894082
36.3184735297
36.3094465174
36.3194525047
36.3188895271
36.3175749163
36.2960861357
36.3089375067
36.3205037966
36.3163833624
36.3052819654
36.3229483609
36.2998935864
36.3025201453
36.3221975302
36.3175845551
36.3204897467
36.2923096663
36.3039835812
36.2994100085
36.3244154147
36.325559192
36.3255231999
36.3248445684
36.3245948219
36.325162537
36.3250306225
36.3250742762
36.3252421906
36.3246734105
36.3256464461
36.3242996765
36.3253464197
36.3261346291
36.3236589165
36.3255213272
36.3239317303
36.3250567026
36.3252717875
36.3382099879
36.3306947529
36.3410539427
36.3282669847
36.3369192733
36.3280639901
36.3374148551
36.3311042706
36.3387324187
36.340009145
36.3363220894
36.338887384
36.3418843451
36.3417731113
36.338159378
36.3349160167
36.334085791
36.343066676
36.3397610493
36.3463291468
36.348084921
36.3496667705
36.3461712503
36.3493749522
36.3492582292
36.347778806
36.3456497421
36.3461565535
36.3497305408
36.3456800393
36.3471939631
36.3483307104
36.3463845363
36.35
36.3461956194
36.3479647964
36.3483259691
36.3465414962
36.3366539097
36.3389763764
36.3418970414
36.3384042314
36.342145307
36.3408782106
36.3385509297
36.3469131906
36.3362827684
36.3395266884
36.3329144913
36.346191693
36.3419195262
36.334398047
36.3395517719
36.3373704275
36.3428408694
36.3381000077
36.3335149454
36.3138126242
36.2569201797
36.241724659
36.3312048931
36.3124049264
36.3215718075
36.2606627051
36.3249600162
36.239019032
36.2960634896
36.2477528455
36.3149003324
36.2912604311
36.2534114527
36.2767934404
36.2892659512
36.2845349041
36.2787971363
36.2913122463
36.2394802375
36.2390820626
36.2411233484
36.2422889739
36.2403185978
36.239174088
36.240587195
36.2412980903
36.2405859008
36.2421397655
36.2426687125
36.2423784582
36.2417093905
36.2407669499
36.2416234884
36.2389244949
36.2428324067
36.2395643166
36.2425250447
36.2471868089
36.2471498144
36.2443304471
36.2440662274
36.2451789298
36.2474111105
36.2452934603
36.2478678163
36.2447749151
36.2461904955
36.2481081345
36.2463182491
36.243144549
36.2453633997
36.2446797622
36.2457276245
36.2444143596
36.2435519693
36.2464500158
36.2530586326
36.2774575451
36.2784883933
36.2718884434
36.2557152071
36.2577842904
36.2635367113
36.2680522707
36.2656952461
36.2653298308
36.2789671134
36.2800753518
36.2781216335
36.2803573056
36.2691219842
36.2835153822
36.2704233639
36.2703282713
36.2599038553
36.3006771459
36.2860411599
36.2879619744
36.2878618582
36.3000723227
36.2889106542
36.2927674665
36.2858631283
36.2902690699
36.3072601488
36.2966749468
36.2883464153
36.2969975405
36.3067783226
36.3049681636
36.2939518353
36.291435159
36.3025501602
36.290426073
36.3078279953
36.3079552998
36.3079204685
36.3078669695
36.307848687
36.3079554193
36.3080359717
36.3078388255
36.3080828048
36.3078027378
36.3079158223
36.3078245563
36.3079061615
36.3080153177
36.3080017168
36.3079292962
36.3077980432
36.3080358591
36.3079363379
36.3091610517
36.3108641243
36.3109966362
36.3094840106
36.308602611
36.3080546965
36.3085807228
36.308875616
36.31018065
36.3112773928
36.3082991653
36.3116176786
36.3105180437
36.3107531239
36.3117164076
36.3094501875
36.3099119349
36.3105022184
36.3098371313
