35.7008823818
35.7012139209
35.7012572831
35.7015183416
35.7018827798
35.7006805458
35.7016073014
35.7017024873
35.7006751443
35.7009418824
35.7020859501
35.7009870116
35.7019413769
35.7001990281
35.7
35.7010430933
35.700021497
35.7022452374
35.701011171
35.7000925749
35.7029602175
35.7003395125
35.7005815867
35.7042929151
35.7013628554
35.7004218248
35.7013177602
35.7023414113
35.7032737077
35.7011710492
35.7046379894
35.7033944905
35.7035696846
35.7026343622
35.7058490357
35.704160603
35.7008593019
35.705114926
35.7160103984
35.7107560398
35.7129188508
35.7115801207
35.7116683601
35.7149271167
35.7126163863
35.7166262814
35.7126988975
35.7082672855
35.7109931857
35.7156395618
35.711376135
35.7077408723
35.7098504057
35.7081239115
35.7170109296
35.7167877567
35.715154389
35.7326223626
35.7368383831
35.7214431011
35.7246423485
35.7306130999
35.7262859603
35.7182503479
35.7424770564
35.728475614
35.7300945325
35.725431013
35.7237823486
35.7270681
35.7385713063
35.7361092929
35.726869647
35.7174062889
35.7376768459
35.7240315751
35.7416916489
35.7421980171
35.7419960617
35.7421475378
35.7422655839
35.7418966898
35.7411188595
35.7427045117
35.7423349239
35.7428353602
35.7415511789
35.7417002942
35.7425167344
35.7421441317
35.7417254956
35.7416929775
35.7425981405
35.7412870939
35.7414781611
35.7426203914
35.7511327983
35.7497413395
35.7503182181
35.7473619984
35.743626687
35.7517065988
35.7479265023
35.745079082
35.7441240294
35.7516539794
35.7459303379
35.7473254718
35.7481159574
35.7506386273
35.7482910906
35.7431156182
35.7479169213
35.7467356494
35.7685279303
35.7647052421
35.7597935701
35.7703524707
35.7533130675
35.7933012823
35.77171616
35.7647478326
35.7588056618
35.7709787699
35.7665329571
35.7710981272
35.7830993208
35.7881429478
35.8072367662
35.8164987332
35.7558074022
35.7676435068
35.7942024211
35.8209216741
35.837076694
35.8221967854
35.8341499023
35.8321271143
35.8354522458
35.817953208
35.8224742486
35.8333035447
35.8192369609
35.8179382065
35.8253821209
35.830685532
35.8184313569
35.8187377559
35.8182325411
35.8262487278
35.8324783209
35.8217551066
35.8425760426
35.8412269686
35.8425580658
35.8439448019
35.8418727412
35.8408853021
35.8417799353
35.8418586427
35.8421169847
35.8421912204
35.8402107106
35.8407106075
35.8418818075
35.8429380049
35.8432232842
35.8432212971
35.8420971562
35.8439574546
35.8413968122
35.8634662327
35.8741834529
35.8785787188
35.8607761208
35.8782111265
35.8619851349
35.8728734151
35.8444739158
35.8451465857
35.8818957194
35.8482357455
35.8707140658
35.8555081182
35.8521989301
35.8597271133
35.8813115513
35.8670323798
35.8809426749
35.8723320512
35.9133279314
35.8849056821
35.9397406099
35.9590561834
36.0006211696
35.9742135913
35.9960784326
36.0072038416
36.0091885653
35.9925861389
35.9017250156
35.9302903529
35.9119585216
35.9994027861
35.9894422215
35.9306051072
35.9598212186
35.9911411708
35.9948611812
36.0240408983
36.041990184
36.0444774315
36.0184783357
36.0206689082
36.0318818144
36.0245568396
36.047117672
36.0416142733
36.0413858323
36.0433299845
36.0283138664
36.0248211454
36.038422249
36.0311772159
36.0490381139
36.038973102
36.0302341137
36.0462455788
36.0317342713
36.0394405431
36.0447381251
36.0339571226
36.0267829048
36.0450675133
36.0315204941
36.0322155025
36.0482106226
36.0303087414
36.0397012702
36.0480676395
36.0378433884
36.0438159065
36.0468239108
36.0492267077
36.046246785
36.0405019106
36.0352169056
36.026017991
36.0240121619
36.0259721329
36.0257363746
36.024019852
36.0234709768
36.0231585404
36.0242127081
36.0247718893
36.0260166874
36.0245126358
36.0257186542
36.0246548447
36.0243530912
36.0236371351
36.025263444
36.023140269
36.0231208343
36.0236596774
36.0599784441
36.0631903745
36.0590092416
36.0501064742
36.0262010885
36.0493669543
36.0379850729
36.0300465846
36.0607324331
36.0578560826
36.0452911818
36.0426291193
36.0437182257
36.0340884482
36.0400672313
36.0415009453
36.0237390063
36.0607214669
36.0243327305
36.0788906127
36.0687445976
36.0724471189
36.0997499222
36.0788312165
36.091933288
36.0698538704
36.0744365717
36.0975089717
36.0983169643
36.0757679988
36.1006543011
36.0897027337
36.0836561153
36.0790777522
36.0775895024
36.1001011653
36.0906269628
36.0847949865
36.1062018443
36.101973604
36.1049388435
36.1049470848
36.1039322479
36.1060495325
36.1043205327
36.1026229153
36.1030488014
36.1078929233
36.1027050225
36.1132188122
36.1043624252
36.1074979375
36.1068960883
36.1053979002
36.1057889458
36.1044292372
36.1052634315
36.117464425
36.1343587635
36.1330381045
36.1232053832
36.1399999972
36.1254154436
36.1320507808
36.1294546819
36.12360482
36.1414613801
36.1390522216
36.138843209
36.1421847628
36.1140798513
36.1285378315
36.1417012269
36.1179759005
36.1212407314
36.1289200068
36.1358528131
36.1240823575
36.1427107552
36.1238316212
36.1327894114
36.1277628958
36.1258449145
36.1410655482
36.1208717066
36.1229160628
36.1341223034
36.138650301
36.1419597585
36.1357965412
36.125652124
36.1231450051
36.1353457307
36.1380110315
36.1353255242
36.1633718043
36.1229357595
36.1260137311
36.1507918242
36.1249696231
36.1308776669
36.1558650622
36.1324604065
36.1462641215
36.1451369172
36.130822601
36.1300444462
36.131951098
36.1592537266
36.1193343446
36.1227283211
36.1343510834
36.1287203245
36.1446733132
36.1645669261
36.1642416335
36.1638174016
36.1637768325
36.1642086062
36.1637863589
36.1649783403
36.1647933958
36.1638761369
36.1644370583
36.1645404553
36.1641481349
36.1644562789
36.1636270368
36.1644338141
36.1637401748
36.1641021964
36.1636231943
36.1642839288
36.2634754716
36.2236472595
36.1663815274
36.2405632252
36.2533450282
36.1737676781
36.2639896412
36.2222615683
36.2407542337
36.1868542252
36.2616675158
36.2305966493
36.2201640501
36.2637754973
36.2215879699
36.218948746
36.1681572594
36.2204843341
36.2411359228
36.2977445305
36.2788418981
36.2968266144
36.293067392
36.2857284151
36.3029741163
36.2710489958
36.2875888767
36.2908445392
36.3194935498
36.3048617721
36.3010183925
36.2760802499
36.2908967186
36.2875073323
36.3177170427
36.2918375278
36.3131896627
36.3024951796
36.3012517362
36.3208061315
36.3002359836
36.2996442849
36.3174218714
36.3194136915
36.3137976824
36.3078088822
36.3091800897
36.3111670853
36.3005063466
36.3081566572
36.3000272911
36.3080187486
36.3167467012
36.2989570537
36.2985903985
36.3109138131
36.3038603922
36.2845687382
36.2827564554
36.2842176226
36.2854798386
36.2842625747
36.2814342122
36.2799371752
36.2964063436
36.2764952492
36.2876981381
36.2817329601
36.2891951546
36.2973239099
36.2825294533
36.2897259548
36.2852068533
36.2921186017
36.2936331954
36.2914033702
36.2948033621
36.2967936825
36.2981157984
36.2844447466
36.2931393161
36.2784777795
36.2924383662
36.284684013
36.2948572576
36.2791796127
36.2942472651
36.2761584289
36.2949060933
36.2846705084
36.2778160536
36.281818032
36.2915929345
36.2852189478
36.2800577565
36.3200025462
36.300743374
36.3254370668
36.3032589191
36.3065701386
36.2990933311
36.3153344275
36.3267042342
36.3293037621
36.3139178063
36.3020240604
36.3142805077
36.3082159841
36.3088407219
36.306649137
36.3300939438
36.3117439929
36.2987525643
36.3149718141
36.3161812748
36.3136437804
36.3150083888
36.3161379547
36.3272532557
36.3239012502
36.3214895778
36.3286013211
36.3221973038
36.3293835715
36.3296974169
36.3131825694
36.3278960072
36.3211941715
36.3178414111
36.310916072
36.3248667016
36.3276275577
36.3123173749
36.3061378748
36.299403468
36.3042780366
36.3013655817
36.3019420745
36.2952834114
36.2993801391
36.2940703913
36.3026917479
36.302199622
36.2867465251
36.3041225865
36.2921289043
36.2935755604
36.2947586335
36.3067909881
36.3094428591
36.2925246234
36.307671973
36.2820765806
36.2678346488
36.2682756086
36.2691301038
36.2755796369
36.2780031691
36.2778866868
36.280225627
36.2682519685
36.2711398856
36.2677831837
36.2809669514
36.2756447647
36.2736946604
36.279388291
36.2755622087
36.2829580232
36.2807191944
36.2841326665
36.2541625336
36.2555658173
36.2659570513
36.2392320616
36.2445694004
36.2573578216
36.239141865
36.2462130048
36.2361948139
36.2529460554
36.2641547463
36.2637746632
36.2439672293
36.249283797
36.2607566341
36.2502712572
36.2508352345
36.2404390553
36.2659467046
36.2410330894
36.2559064834
36.2422230404
36.2805551916
36.244878431
36.2638963701
36.2559541382
36.2712096973
36.238306105
36.2505715532
36.2571328012
36.2410593823
36.2648687184
36.2600412297
36.2732467176
36.2558922197
36.2492458202
36.2501877954
36.2465662705
36.2800823223
36.27534522
36.2739915564
36.2788517168
36.2767749214
36.2745160256
36.276768827
36.2757219823
36.2791728812
36.2733503468
36.279999831
36.2764964853
36.2782389179
36.2800407998
36.2727629523
36.2791210048
36.2765105232
36.2751183985
36.2784475449
36.2470863509
36.2445151699
36.248849897
36.2529825052
36.258404571
36.2255012893
36.2455773813
36.2358675219
36.2443357254
36.2568842448
36.2471379165
36.229699753
36.2270286794
36.2237491166
36.2604342403
36.2538905815
36.2653416679
36.221347241
36.2394268515
36.2188085961
36.2176616155
36.2184482638
36.2165026881
36.2142369853
36.214112749
36.2184679669
36.2193352222
36.2149801605
36.2174237436
36.2193003406
36.2159283697
36.2198544876
36.2199903407
36.2206566508
36.219099688
36.2169289451
36.219457142
36.2202045243
36.2430931536
36.2683753365
36.2134779765
36.2268123504
36.2682629528
36.251819113
36.2639009942
36.2687548468
36.2262378293
36.2583020373
36.2288403134
36.270547822
36.2717002946
36.2226339444
36.2627792768
36.2156715929
36.2496741411
36.2424415977
36.2496851701
36.2869833916
36.2761902164
36.2973085552
36.2758664625
36.2943097993
36.2773862175
36.2970287196
36.2902869138
36.2821356563
36.2960863682
36.278873163
36.2797574519
36.2825307194
36.2847414429
36.2798354677
36.2974580347
36.2854095352
36.2982653491
36.280704712
36.3090869048
36.3159181338
36.3197687667
36.3087010788
36.309116788
36.3187705651
36.3083413301
36.3085103792
36.3190265315
36.3096680958
36.3020655187
36.3187867183
36.3097621968
36.3068748489
36.3179507129
36.2998279159
36.3189132411
36.3012711988
36.3010249265
36.3215240268
36.3283860327
36.3228536652
36.3280361148
36.3239162369
36.3231334026
36.3248896259
36.3277726207
36.3283674064
36.32593609
36.3231365871
36.3273713813
36.3278905919
36.3246295913
36.3260713864
36.327438968
36.3258399381
36.3255488138
36.3232427066
36.3468217988
36.3359432432
36.3321883689
36.3364106984
36.3421268264
36.3390305965
36.349914818
36.3401866988
36.3439121004
36.337395033
36.3312487656
36.3503660689
36.3353624531
36.342711647
36.3466252724
36.3490208789
36.341167743
36.3370370395
36.3557252302
36.3369035155
36.3435542214
36.3469197662
36.3561899063
36.3526020668
36.3559588974
36.3389412545
36.3374919361
36.346460317
36.3574291648
36.3541038208
36.3318191975
36.3333429573
36.347538264
36.3549233762
36.3462381581
36.3465242625
36.3584285835
36.3383154708
36.3509739875
36.3487388959
36.3556901526
36.3561278417
36.3369902559
36.3324512329
36.3418680658
36.3580356057
36.3546989545
36.3382906272
36.3533718688
36.3481104823
36.338957031
36.3529679428
36.3391794893
36.3410098395
36.3366204679
36.3478328064
36.3443780526
36.36040157
36.3613903316
36.3593147402
36.3576204236
36.3579191124
36.3595600619
36.3602247207
36.361770212
36.3588670094
36.3603248565
36.3600131412
36.3589683551
36.3609463657
36.3592442743
36.3597476913
36.3600784686
36.3579940463
36.3584761578
36.3610655159
36.3633812301
36.3572738145
36.3588935347
36.3581811396
36.35955275
36.3582544421
36.359148592
36.3599493986
36.3604390353
36.3590725626
36.357717278
36.3608900099
36.361513207
36.3616646841
36.3574534364
36.3579716204
36.3617473708
36.357949515
36.3577079629
36.3279852004
36.3618199362
36.3519318971
36.3487317322
36.3465893578
36.3635504674
36.3345305351
36.3632795882
36.3479097913
36.315345474
36.3555191911
36.3298548894
36.3395730463
36.3145378656
36.3404199569
36.3531431135
36.3107579189
36.3252806656
36.3570438212
36.3036975546
36.3065667796
36.299125144
36.3084451003
36.3022020432
36.2981469305
36.2987771698
36.2988849465
36.3019474384
36.3066082499
36.3095575036
36.3083041695
36.2989741195
36.3013744975
36.3091767234
36.2979601091
36.3039343045
36.3083048333
36.3043258469
36.2783768187
36.2816215538
36.2892738635
36.2732190649
36.2812354045
36.2872902094
36.2928059238
36.2824304798
36.2929228419
36.269793337
36.282568241
36.2698797166
36.287884218
36.283621025
36.2817651493
36.270316633
36.2937432626
36.2854926903
36.2950363307
36.2631237347
36.2635628066
36.2654307591
36.2642261031
36.2647909932
36.2644823016
36.2634028267
36.2627997946
36.2668662019
36.2646794026
36.2631734976
36.265448911
36.2660860639
36.2666403739
36.2644219687
36.2662818691
36.2655305624
36.2654276792
36.2644254404
36.2469204974
36.2475938302
36.2567794557
36.2419631658
36.2451389695
36.2583767771
36.251833638
36.2607120482
36.2512099173
36.2502334463
36.2587565187
36.2611011703
36.2587840945
36.2520257202
36.2615106472
36.2589168263
36.2584759615
36.2533149355
36.2509625074
36.2344000203
36.229578639
36.2246049359
36.236735316
36.2235991195
36.234987246
36.2303922016
36.2345491685
36.2289714055
36.2259730547
36.2270202977
36.2299872716
36.2309634858
36.2381277424
36.2266629712
36.2237129109
36.2297837031
36.230688329
36.2381985275
36.2203901887
36.2077428368
36.2088057728
36.2175340595
36.2211273892
36.217161961
36.2208241626
36.2149031345
36.2206016803
36.2226493349
36.213697752
36.2173926489
36.2126029717
36.2151519975
36.2134872723
36.2183825572
36.2142062461
36.2155942796
36.2140148087
36.2073516041
36.1775632488
36.2002742096
36.2052042747
36.1984158911
36.1860267026
36.1785642011
36.1813208754
36.1974240652
36.1816936918
36.2058979293
36.2047018498
36.2017916135
36.1830755551
36.1850523662
36.2035097303
36.1855538679
36.1838843027
36.201651172
36.1751090431
36.1668712767
36.1673329757
36.1601100743
36.1660784337
36.1608829326
36.1680622496
36.163196485
36.1584783641
36.1760791507
36.1680984273
36.1684963998
36.1619993436
36.1761269589
36.1657136885
36.1712982447
36.167629591
36.1631646718
36.1647853082
36.1728081915
36.1703413641
36.2093633271
36.1886128511
36.2171588584
36.1980461673
36.1715669396
36.1681615272
36.1775292874
36.2041036747
36.1857537414
36.192265173
36.1939147772
36.1684761548
36.1786726879
36.1757296072
36.2145415253
36.1583761739
36.2157448668
36.2220067283
36.2225825529
36.2288862353
36.2279011761
36.2289238069
36.2209955202
36.221184172
36.2288181312
36.2200633905
36.2308744715
36.2311018255
36.2253437752
36.2280695297
36.2229962114
36.2271544516
36.2187391718
36.2214114211
36.2246362179
36.2251384501
36.2082117753
36.2078919467
36.2291615156
36.225444389
36.2301453685
36.2238594586
36.2091058324
36.218313424
36.2311807267
36.2195071066
36.2094900499
36.2085259899
36.2100058524
36.2137117543
36.2260416064
36.2102803491
36.2249340094
36.2108371433
36.2311456463
36.2096549627
36.2093146678
36.2097535116
36.2103981908
36.2122275983
36.211084131
36.2125975615
36.2122290475
36.2086274001
36.2100701549
36.2106451472
36.2091991478
36.21081868
36.2129462249
36.2090398831
36.2119570809
36.2130543294
36.2091902761
36.2123299758
36.2098272026
36.195831162
36.2073892465
36.2078794784
36.1961543127
36.207633335
36.2089255691
36.2072934249
36.2004810605
36.2126762217
36.2102029781
36.2110053027
36.2032899711
36.2121211738
36.1958565835
36.2043191944
36.2015708545
36.2093263021
36.200062183
36.2138807734
36.2564123701
36.2218698387
36.2633823639
36.2214443367
36.2398897574
36.2470733903
36.1964122785
36.2058070153
36.2036799134
36.2417702192
36.250942481
36.2971703863
36.2306750461
36.2131952699
36.2961621123
36.2507402228
36.2956846753
36.2313868857
36.2973471497
36.285788563
36.2698034692
36.2974361107
36.2851242859
36.2737657517
36.2931894964
36.2754905916
36.2976459773
36.290030487
36.2944171851
36.2699421911
36.2811338776
36.2911206711
36.2715218231
36.2827473255
36.2887712168
36.2780316737
36.2790588811
36.272195488
36.2772162958
36.2702850241
36.2863644111
36.2711416173
36.2734945332
36.2831662547
36.2841994489
36.2734501717
36.2722295577
36.2696585888
36.2707398129
36.2865984339
36.2727009536
36.2771367496
36.2843787864
36.2885890089
36.2864039646
36.2873973837
36.317930013
36.3010858754
36.3111377264
36.3135823738
36.303315165
36.309959134
36.3227716321
36.3003106755
36.3210165603
36.323345793
36.3093868079
36.3208256257
36.314850586
36.3139815955
36.2928680986
36.3149417093
36.2951625379
36.3153155622
36.2910075893
36.3271782352
36.3273258989
36.3241921355
36.3242450518
36.3276403593
36.3276763542
36.3241678526
36.3263004654
36.3252465753
36.3240203946
36.3271530243
36.3264094178
36.3240266143
36.325578572
36.325394778
36.3276794228
36.3277171909
36.3246827741
36.326802564
36.3385817982
36.3348447191
36.3371589965
36.3344499694
36.3283805541
36.3400892709
36.3407569864
36.3430382376
36.3362642002
36.3288282367
36.3428998935
36.3318463202
36.3298956976
36.3301153368
36.3374108015
36.3341320065
36.3393230018
36.3291027104
36.3280080832
36.3243125568
36.3424299034
36.3328149666
36.336302875
36.3194832855
36.3199620715
36.323582752
36.332964401
36.3316919953
36.3304824457
36.3302990027
36.3396046062
36.3391307004
36.3266671922
36.3232103871
36.3204121295
36.325316631
36.3304024619
36.3419871332
36.3209933145
36.3222323158
36.3324633887
36.3245532402
36.3272345928
36.3222294196
36.323789206
36.3262662536
36.3307492676
36.337481373
36.3217630777
36.3248325359
36.3378306129
36.3357334971
36.3370713689
36.3291915798
36.3237698163
36.323135775
36.3342688394
36.3480783941
36.3510057502
36.3417120774
36.3465213553
36.3463014435
36.3515873086
36.3426973974
36.3399410577
36.3394331681
36.3420941203
36.3388576284
36.3424389402
36.3464772876
36.3445104065
36.3474675446
36.3456695155
36.349123287
36.3446086175
36.3493743968
36.3664542878
36.3737619311
36.3751746556
36.3774724216
36.357396326
36.3736776757
36.3530494582
36.364313088
36.3691109727
36.3535860134
36.353843237
36.3596604953
36.3630158687
36.3730157776
36.3582510782
36.3642060954
36.3789488527
36.362074818
36.3749047336
36.373398337
36.3807503526
36.3787774344
36.373576031
36.379616931
36.3735980192
36.3760600853
36.380051863
36.3804864724
36.3733190681
36.3778689617
36.375463428
36.380558896
36.3773704956
36.380884504
36.3774612216
36.3816068125
36.3813343305
36.3738986603
36.3847842933
36.3832560963
36.3800820502
36.375338664
36.382807284
36.3759622578
36.3739237627
36.3772889505
36.3808132248
36.380764914
36.3840224523
36.3782850444
36.3751201766
36.3736850814
36.3757521761
36.3853672587
36.3736521473
36.3815019706
36.3788664206
36.4019334667
36.3879915416
36.4037577983
36.3882438355
36.3921344638
36.4012682246
36.4051417727
36.4014975699
36.4099304524
36.4047207434
36.4118410819
36.3934703745
36.4122320664
36.3913639779
36.3913134607
36.3912377794
36.3893438138
36.4027446009
36.3863459617
36.3959080411
36.4002266698
36.4063603481
36.394183122
36.3951779408
36.3995498789
36.4110659454
36.3926511179
36.3998208666
36.3941184818
36.4092572809
36.4120699501
36.4064361121
36.3964023832
36.3955808335
36.3942124512
36.4053310862
36.3956898016
36.4094222096
36.3852132815
36.388549402
36.3909175844
36.3857264446
36.3879530462
36.3889475946
36.3885216337
36.3847944863
36.3881215978
36.383715357
36.3905000149
36.388316682
36.3838237551
36.3863578939
36.3851679467
36.3840903284
36.3870296649
36.3907743285
36.3889107661
36.3856985508
36.3844175335
36.3896725249
36.3850995477
36.3926652885
36.3879175144
36.3919740609
36.3924857441
36.3903125343
36.3921656626
36.3918217623
36.3893674378
36.3864249603
36.3874175486
36.3861484666
36.388254361
36.3873061337
36.3864863503
36.3839095587
36.3861610079
36.3918791291
36.3857292167
36.38228315
36.3926171249
36.3885489698
36.3847629414
36.3881967849
36.3817156617
36.37618223
36.3768214144
36.3896266769
36.3898472788
36.3818281314
36.3860974608
36.3932343224
36.3891116238
36.3727606924
36.3726361804
36.3726546586
36.3720488819
36.3735067734
36.3725082828
36.3720682126
36.3724387937
36.3722613614
36.3737184148
36.3723433976
36.3734095891
36.3722406449
36.372115354
36.372682913
36.3731418602
36.3729903782
36.3735866265
36.3728077593
36.3731448216
36.3720832071
36.4023879262
36.3775493876
36.3901061223
36.3968537568
36.3741831048
36.4037662416
36.4026967149
36.3918959015
36.3860348854
36.3994793698
36.4051164341
36.3912460736
36.4049606846
36.379077887
36.3855019265
36.3990860998
36.3865243714
36.3922269033
36.3968729628
36.4335213854
36.4268167285
36.4148395426
36.4261139235
36.4184127022
36.4428183501
36.4418818971
36.4179594297
36.4332650962
36.4364666247
36.426802808
36.412565616
36.4392065358
36.4125416318
36.4373520824
36.4123349002
36.433596963
36.4205312676
36.4258148584
36.5005913263
36.4952600815
36.4587069179
36.4790368434
36.5023691881
36.4970428293
36.465379926
36.5041909348
36.4886663575
36.4683681592
36.4541815069
36.4966893914
36.4776079311
36.5111088067
36.4670556433
36.4548825734
36.4659997063
36.4757037248
36.4529246179
36.5247872522
36.5202798982
36.54354374
36.5180423534
36.5389995722
36.5179314955
36.5307477017
36.5332303402
36.5293616437
36.5421796071
36.526159422
36.5329710571
36.5397950999
36.5199883686
36.5295812839
36.543354645
36.5364137307
36.5347052551
36.5248970568
36.5507774678
36.5528762751
36.5545944981
36.55632903
36.5508969842
36.5490956236
36.5460609081
36.5552664286
36.5556690288
36.546895356
36.5574113774
36.5464254319
36.5569324932
36.5458879081
36.554008141
36.5520709911
36.5459645543
36.555165273
36.5559867045
36.5739453737
36.5675596728
36.5679708044
36.5701593751
36.574202487
36.5657857995
36.5705487297
36.569169387
36.5625654856
36.570665607
36.573333079
36.5672146735
36.5749050468
36.5684912289
36.5738202684
36.571831652
36.5662733278
36.5645842513
36.5660190684
36.5756491908
36.5748368649
36.5752924824
36.5738720224
36.5736282854
36.5750793894
36.5741598695
36.574909403
36.5738437432
36.5747451534
36.573679816
36.5742821138
36.575466239
36.5754229006
36.5748154964
36.5744625832
36.5745768001
36.5738450356
36.5756845752
36.5742194251
36.5753364389
36.5782756981
36.5735725779
36.576515663
36.5735554142
36.576556003
36.5762152798
36.5742805523
36.576800118
36.576998215
36.5760674301
36.577985647
36.5738842798
36.5753666071
36.5762203156
36.5753815154
36.5742228501
36.5741877488
36.5706766274
36.5683473463
36.5754005004
36.5767361654
36.5718223151
36.5689291022
36.574636447
36.5684592977
36.5666487369
36.5707974829
36.5677454287
36.5779440568
36.5742932524
36.5681036411
36.5698331438
36.5778655352
36.5761611352
36.5748939379
36.5711451398
36.5931667566
36.5836798684
36.567368003
36.5976449627
36.5997499326
36.579327085
36.5954018833
36.5850927516
36.5834636225
36.5998531563
36.5666877645
36.5813657785
36.5748379326
36.5831659049
36.583170102
36.5733000778
36.5870527484
36.5803800862
36.5999146426
36.6056942761
36.60508112
36.6039249852
36.6034210868
36.6064656024
36.603082399
36.6058526226
36.6056887989
36.6031701358
36.6039299271
36.6042717595
36.6045162736
36.6049785407
36.6038239831
36.6049695581
36.6042291272
36.6065929022
36.6054027994
36.6046129369
36.6226044022
36.609873391
36.6145445594
36.6266051175
36.6344203551
36.6153122418
36.6345922321
36.6166947032
36.6195425584
36.6341340008
36.6299769654
36.6216003978
36.6343642276
36.6344811263
36.6112094193
36.6288831281
36.6144240434
36.6153258119
36.6189371267
36.6165797439
36.6340645552
36.6118666047
36.6284646386
36.6179515953
36.622105002
36.6147823377
36.6299724953
36.6341250296
36.6306335132
36.618567634
36.6153939071
36.6310458788
36.6210616932
36.6335654213
36.6150668205
36.6326975656
36.6306446405
36.6192929411
36.6144454993
36.6129845353
36.6179820136
36.6151248372
36.6121328273
36.6140903372
36.6162236336
36.6143525497
36.6117233228
36.6122300211
36.6127988104
36.615018843
36.61568329
36.614493512
36.6125189533
36.6135006805
36.6174438514
36.6127432743
36.6158695837
36.6185993467
36.6257326417
36.6360336448
36.6190609756
36.6273559409
36.6405739669
36.6340989344
36.620986627
36.6205736575
36.6403026378
36.6398307409
36.6223497544
36.6385409877
36.6357966959
36.6276642704
36.6240652302
36.6215736804
36.6229555986
36.6304761077
36.6417935327
36.6455334421
36.6453549681
36.6455799683
36.6466989531
36.6420039902
36.6475803454
36.6446848366
36.6445551089
36.6426585382
36.6456961626
36.647006383
36.6421183533
36.6435528291
36.6463925736
36.641885103
36.6452125504
36.643009947
36.6449430584
36.6472004768
36.647125812
36.6461790808
36.6475699276
36.6473413262
36.6466738414
36.6472031514
36.6462638131
36.6471746406
36.6461933432
36.6474840093
36.6470178736
36.6469187486
36.6468416408
36.6471314372
36.6468997613
36.647399468
36.6473735834
36.6476685041
36.6363570404
36.6372985564
36.6286399938
36.631925088
36.6335944887
36.6409843807
36.642090127
36.6336528808
36.64212886
36.6447893485
36.6401227011
36.6361770576
36.642515548
36.6441135533
36.6304991896
36.6378474527
36.6460572096
36.6416527139
36.6453180201
36.6273725867
36.6235778102
36.6258475354
36.6239451557
36.6241197233
36.6275013024
36.6276247334
36.62536786
36.627911534
36.624282404
36.6264850955
36.6246209757
36.6271400221
36.6265308088
36.6249754203
36.6269789883
36.6270749969
36.6263802914
36.6280216689
36.5970840796
36.6190571251
36.6145868192
36.6209836352
36.6067055796
36.6131306635
36.6041159099
36.5981684755
36.6160400445
36.6109217036
36.6023018173
36.614297192
36.5892196873
36.6218280747
36.6177030741
36.6123205553
36.5979278843
36.6199160254
36.5902975174
36.5927837054
36.5909307246
36.5920762101
36.601466351
36.5953522066
36.6023186225
36.5948076195
36.5897427289
36.5877287808
36.5978368378
36.5912026252
36.597157836
36.6023616028
36.5863611557
36.5870088053
36.5919202181
36.5914508509
36.5928366105
36.5938425376
36.6164523806
36.6065701525
36.6140142749
36.6073454736
36.6100900881
36.6222055276
36.6051216615
36.6126411068
36.6223167938
36.6119238476
36.6198909975
36.6174488075
36.622913661
36.6300326932
36.6124201155
36.6312452166
36.6238332613
36.6164521578
36.6286302702
36.6922530242
36.656068997
36.6658174731
36.6612629608
36.6425307912
36.6417516028
36.6417664795
36.6922804158
36.6936832995
36.6572198876
36.6929588829
36.6966296143
36.6847609757
36.6504089397
36.6800866599
36.6524033008
36.6913986973
36.6954763093
36.6996782747
36.6915048342
36.697622047
36.690551974
36.6978691278
36.6991161171
36.6987099079
36.6974348672
36.6933674808
36.6905979552
36.6974331001
36.6936842103
36.68970697
36.6948515016
36.7
36.6938516565
36.6892036653
36.6955507104
36.6962573724
36.6946043913
