2
3
4
5
6
7
8
16
17
34
35
70
71
142
284
568
1136
2272
4544
9088
18176
36352
72704
145408
290816
581632
1163264
2326528
4653056
9306112
9306113
9306114
9306115
9306116
9306117
9306118
9306119
9306120
9306121
9306122
18612244
37224488
74448976
148897952
297795904
595591808
595591809
1191183618
1191183619
2382367238
2382367239
4764734478
4764734479
4764734480
9529468960
9529468961
9529468962
9529468963
9529468964
9529468965
19058937930
19058937931
38117875862
38117875863
76235751726
76235751727
152471503454
152471503455
304943006910
304943006911
609886013822
609886013823
1219772027646
1219772027647
2439544055294
2439544055295
4879088110590
4879088110591
9758176221182
9758176221183
