1   -1.0
2   3.0
3   -1.0
4   2.0
5   5.0
6   3.0
7   5.0
8   -1.0
9   5.0
10   4.0
11   1.0
12   2.0
13   -1.0
14   4.0
15   0.0
16   -1.0
17   2.0
18   2.0
19   2.0
20   2.0
21   2.0
22   5.0
23   4.0
24   3.0
25   -2.0
26   1.0
27   3.0
28   5.0
29   0.0
30   -1.0
31   5.0
32   0.0
33   3.0
34   5.0
35   4.0
36   0.0
37   -2.0
38   5.0
39   1.0
40   4.0
41   3.0
42   0.0
43   3.0
44   3.0
45   -1.0
46   4.0
47   1.0
48   -3.0
49   0.0
50   -2.0
51   -2.0
52   -2.0
53   -3.0
54   -2.0
55   -1.0
56   -2.0
57   -1.0
58   0.0
59   -1.0
60   0.0
61   0.0
62   1.0
63   -4.0
64   -3.0
65   1.0
66   -2.0
67   -1.0
68   -4.0
69   -4.0
70   -2.0
71   -2.0
72   -3.0
73   -4.0
74   -2.0
75   -4.0
76   -3.0
77   -4.0
78   -1.0
79   0.0
80   -2.0
81   -5.0
82   -3.0
83   -5.0
84   -5.0
85   -4.0
86   -2.0
87   -2.0
88   -3.0
89   -4.0
90   -2.0
91   -5.0
92   -3.0
93   -4.0
94   -3.0
95   -5.0
96   -5.0
97   -4.0
98   -4.0
99   -3.0
100   -3.0
